#Procedure: <sagnac.procedures.PHEProcedure.sagnacPHEProcedure>
#Parameters:
#	Applied Magnetic Field: 0.125 T
#	Applied Sample Voltage: 1 V
#	Applied Sample Voltage frequency: 3137 kHz
#	Output Voltage: 0.65 V
#	EOM Frequency: 3.3477e+06 MHz
#	Field Azimuth stop: 170 deg
#	Field Azimuth start: 0 deg
#	Field Azimuth step: 1 deg
#	Field Polar: 0 deg
#	Filter Order First Harmonic: 8
#	Lockin Time Constant First Harmonic: 0.2 s
#	50 Ohm Input Impedance: True
#	input range: 2 V
#	Time Queued: 09:43pm 2021-05-23
#	Sample Name: C5R4
#	Saturate First?: False
#	Saturating Magnetic Field: 0.2 T
#	Saturating Magnetic Field Azimuth: 0 deg
#	Saturating Magnetic Field Polar: 90 deg
#	Filter Order Second Harmonic: 8
#	Lockin Time Constant Second Harmonic: 0.2 s
#	Settling: 0.6 s
#Data:
ThetaK,Ratio,X1,Y1,X2,Y2,DeltaThetaK,DeltaX1,DeltaY1,TX1,TY1,TX2,TY2,field_azimuth,elapsed_time
-0.00020262280503138808,-0.0007463087150026946,-0.000292833470183557,-0.001154014918073567,-0.13284121829726267,0.39237578805776063,-2.4529946170478674e-07,-3.5451038525436525e-07,-1.6809077671643786e-07,-0.0005395750729452412,8.44315593059561e-05,1.0771228729847725e-07,-1.3832634026857234e-07,0.0,0.8319921493530273
-0.0002037497780783899,-0.0007504596293051225,-0.0002945105806627907,-0.0011524604536611376,-0.13286377140070843,0.3924402714846748,1.312312771000573e-07,1.8968853779899476e-07,-3.824866482908116e-07,-0.0005400703066118287,8.441836435320974e-05,1.21304344925565e-07,-2.2325144130374123e-07,1.0,2.7870538234710693
-0.00020473572404777508,-0.0007540911067780539,-0.000295987969323293,-0.001152185951915072,-0.13288121186438842,0.39250956106343393,-5.249658604740592e-07,-7.589470330311635e-07,2.238369088496169e-06,-0.0005403008445994019,8.438772433065519e-05,1.040707692595599e-07,-2.0301793278309897e-07,2.0,4.732143402099609
-0.00020424337224442666,-0.0007522776560019907,-0.00029532793925569374,-0.0011548247083245007,-0.13290962095481995,0.3925783743534611,-1.0410511191489756e-06,-1.505319174859507e-06,-1.2539845564061426e-06,-0.000540580209037109,8.440958243467335e-05,1.4747520957444555e-07,-1.958991670439481e-07,3.0,6.591203451156616
-0.0002033647563776526,-0.0007490415012588917,-0.00029410039589768713,-0.0011536416265986327,-0.13293127338281907,0.3926356488971591,8.224362390869664e-07,1.1893841120090243e-06,-3.6435856192490305e-07,-0.0005411118502048047,8.436259867746126e-05,1.250074631175269e-07,-2.2580528089227402e-07,4.0,8.552165746688843
-0.00020300549227891706,-0.0007477182446914395,-0.00029361615475246054,-0.00115235650824034,-0.13294432855902824,0.39268288133537116,-5.09620705483185e-07,-7.370877606530447e-07,-2.077376323176202e-06,-0.000541256730908308,8.439427296376546e-05,1.293843199891722e-07,-1.1107711451205859e-07,5.0,10.491236209869385
-0.00020270190653587537,-0.0007466000649750068,-0.0002931978267636204,-0.001154434928944057,-0.13295535729742264,0.392710690124887,-2.3566213613684626e-06,-3.4087307594330002e-06,-1.5690808185236557e-06,-0.0005417576907120957,8.433115212313123e-05,6.138122584035143e-08,-2.695374472359784e-07,6.0,12.441307544708252
-0.00020322288281372655,-0.0007485189466092427,-0.0002940053566785464,-0.0011555646403439924,-0.1329817271017556,0.39278278527267413,-2.4117855308642575e-06,-3.489163308630564e-06,6.177830606762704e-08,-0.0005428769474069008,8.435565442039923e-05,1.0198849767768122e-07,-1.9790156149984567e-07,7.0,14.388293266296387
-0.00020392512736160234,-0.0007511054831259523,-0.00029510368303564916,-0.001154302788625763,-0.1330167545339808,0.39289246273038253,1.4235321033711456e-06,2.0600185409548836e-06,-2.6291997732633735e-06,-0.0005430715994050038,8.433499872010131e-05,1.533683680050388e-07,-1.3125813287438234e-07,8.0,16.26928997039795
-0.0002040260988907826,-0.0007514773856894308,-0.0002953136140981824,-0.0011528006339389738,-0.13304600428533306,0.39297737992108933,-2.9838191407356916e-07,-4.3188708216747995e-07,-6.659665861715724e-07,-0.0005434209873634613,8.43789694967533e-05,6.267437520193252e-08,-2.061382832921395e-07,9.0,18.232290744781494
-0.00020578224497545727,-0.0007579456964798863,-0.00029790510843954527,-0.0011578856489129028,-0.13306906240187197,0.3930428127280102,2.7499587919540446e-07,3.981036974127951e-07,-5.153715698571404e-07,-0.0005437541061615723,8.435286860363914e-05,6.397377685633089e-08,-1.8140392642558635e-07,10.0,20.103814125061035
-0.00020318219290303848,-0.0007483690758268905,-0.0002942097361045552,-0.0011542085633099396,-0.13309827664837648,0.3931345449830032,-3.311485530710061e-07,-4.795062089626146e-07,-2.095810807507565e-06,-0.0005439263448419774,8.437887368956394e-05,1.204454079038496e-07,-1.7124160363021645e-07,11.0,21.95681858062744
-0.00020311852112348572,-0.0007481345572631199,-0.00029415957810379986,-0.001157817390836853,-0.13312043791056324,0.39319073721165315,-8.249933357424297e-07,-1.1947688319531006e-06,-5.699116525666922e-07,-0.000543934853462059,8.439439593807613e-05,1.1013548544324625e-07,-1.4138044682136246e-07,12.0,23.92890477180481
-0.00020417953782087106,-0.0007520425383806139,-0.00029575235718074476,-0.001151928245954707,-0.13314178277476216,0.3932654631712634,-1.4819531141880385e-06,-2.1465966034963354e-06,2.1827886183184426e-06,-0.0005444437943703578,8.436352278605344e-05,1.2929421779583445e-07,-2.0986254373709134e-07,13.0,25.776875019073486
-0.0002022889484488742,-0.0007450790404640174,-0.00029306614717477907,-0.0011553836778953489,-0.133167372318825,0.3933356479767093,7.192648965978738e-07,1.0420350798166683e-06,5.358833398674374e-07,-0.0005448118306113932,8.441425707605477e-05,1.0517029813094594e-07,-1.719666621654711e-07,14.0,27.647059202194214
-0.00020439071672740107,-0.0007528203613706031,-0.0002961630485480967,-0.0011560126709663978,-0.133190347365194,0.3934046736048624,3.188048022483816e-07,4.6194953654580944e-07,-1.3963886111407243e-06,-0.0005448107096453566,8.441468305756537e-05,1.1097587729389853e-07,-8.528584722032133e-08,15.0,29.593034982681274
-0.0002034330033062341,-0.0007492928712031837,-0.0002948314792918184,-0.0011571704425141272,-0.13321909446152222,0.39347962675581055,-2.4594216627647726e-06,-3.5643915944745404e-06,7.8068064501363e-07,-0.0005450884672586073,8.446156053717823e-05,8.215006353827527e-08,-2.500032029487607e-07,16.0,31.545037269592285
-0.00020340910428203807,-0.000749204845316805,-0.00029485798870429073,-0.0011543190901930817,-0.13324573992255595,0.39356124102428697,-1.540935042279625e-07,-2.2337101568227675e-07,1.8445560475482723e-07,-0.0005457225679242333,8.442565398246473e-05,1.2752677858503252e-07,-2.2505101056651118e-07,17.0,33.41618084907532
-0.000203855787767833,-0.0007508500886312949,-0.0002955543241894649,-0.001152586011956758,-0.13326224529607789,0.3936262759563939,-1.6364599321442635e-06,-2.3725732185701637e-06,-4.1699620231942034e-07,-0.0005461621196692901,8.437360114331429e-05,1.5745584532038317e-07,-1.1198147539635168e-07,18.0,35.35430192947388
-0.00020377901791917172,-0.0007505673267107872,-0.0002954866656253212,-0.0011547119645764832,-0.13328540741647998,0.3936844239146847,3.6083495409069654e-08,5.232232082117037e-08,1.422514718384052e-09,-0.0005468580613486436,8.439058168459616e-05,1.0356745726365627e-07,-1.339597572858848e-07,19.0,37.335254192352295
-0.0002047989678885361,-0.0007543240491403677,-0.00029701386111853926,-0.0011537929359033692,-0.13330174354256416,0.39374836511843697,-3.3307202545500343e-07,-4.830444401090019e-07,5.191188060432253e-07,-0.0005475096804494063,8.436937703665865e-05,1.0816903629344112e-07,-1.750669980524221e-07,20.0,39.20726466178894
-0.00020499210252653916,-0.000755035410725767,-0.0002972761361120582,-0.0011567962309121929,-0.1332962525354921,0.39372476030800435,-9.315044170330399e-07,-1.350852130100114e-06,2.5530941065487488e-06,-0.000547571869521375,8.447311922742405e-05,4.729410784566717e-08,-1.8070331800997648e-07,21.0,41.16442370414734
-0.00020398013356224504,-0.0007513080842670021,-0.0002958939902517186,-0.001156143129718186,-0.13333898633606747,0.39383842187775914,1.1133771824116246e-06,1.6150670809418054e-06,-8.762993644511632e-07,-0.0005470693151875238,8.449774129223311e-05,1.0560538353652141e-07,-2.3256508738146009e-07,22.0,43.12073731422424
-0.000204659696147658,-0.0007538110776330826,-0.0002969513265409696,-0.001156277164811223,-0.13337216443931926,0.393933354592476,-1.0096604748074126e-06,-1.4649684635002437e-06,-5.153166048643701e-07,-0.0005484100064660795,8.45213366564773e-05,1.0838664355809355e-07,-2.867324420256488e-07,23.0,45.00373458862305
-0.00020361566003916854,-0.0007499656401284086,-0.0002954781060905913,-0.001155450824010063,-0.13338970296960803,0.39398885799621397,8.594979181184424e-07,1.2472655735160534e-06,-1.4658124737198686e-06,-0.0005486527688383505,8.454402750565091e-05,1.050218584805795e-07,-1.667558303622903e-07,24.0,46.96285939216614
-0.0002035303955972096,-0.0007496515905663718,-0.00029538056446696826,-0.0011562573199254357,-0.1333966485398638,0.3940237947655181,-1.1050038791892062e-06,-1.6036752180801072e-06,-1.7740997298222111e-06,-0.000548941740632861,8.45462083664269e-05,1.588853326323119e-07,-1.7958469333927296e-07,25.0,48.92009949684143
-0.0002042571365314576,-0.0007523283532002514,-0.00029650589021646757,-0.0011545394292642656,-0.133426077544172,0.39411766013495564,1.7337683283288957e-07,2.516790853690895e-07,6.020537327177424e-07,-0.0005488693029824143,8.454704540312901e-05,1.4079770002274608e-07,-2.1319579906356496e-07,26.0,50.812134981155396
-0.0002047803516564411,-0.0007542554810548504,-0.0002974058565516014,-0.0011562582958553956,-0.13349257375579593,0.3943038718600623,2.0020649199562047e-06,2.9076314904380744e-06,-1.7464999034501113e-06,-0.0005488874660752984,8.4611953025445e-05,8.490233531447358e-08,-1.5752800551293726e-07,27.0,52.759108781814575
-0.0002031043172544117,-0.0007480822409779712,-0.0002950990424427961,-0.0011543167566134332,-0.13355157766861925,0.394474064852832,-8.45924576395532e-07,-1.2290803175309595e-06,4.6295372092219997e-07,-0.0005494749761296465,8.458546665078522e-05,1.3498943283269003e-07,-1.2495682483964928e-07,28.0,54.64125728607178
-0.00020410362771854353,-0.0007517629431136476,-0.0002966487930136927,-0.0011551888330312032,-0.13359438921616482,0.3946041710769014,-1.7185681798202096e-06,-2.4978054218677456e-06,6.266627177896477e-07,-0.0005501822174168173,8.461052360198872e-05,1.1321041516370004e-07,-2.3029713636038412e-07,29.0,56.572240591049194
-0.00020327915241008233,-0.0007487262011420383,-0.0002955324840659996,-0.0011562258570279795,-0.1336340778054117,0.39471369322353284,-6.689359566214337e-07,-9.725163240075987e-07,1.4994634032510493e-06,-0.0005502332867778739,8.460850696656591e-05,1.511836311328209e-07,-1.6179132028253712e-07,30.0,58.512258529663086
-0.0002030451445886624,-0.0007478642937385226,-0.00029526636255139025,-0.0011561338085734217,-0.1336706059381974,0.39481275550056527,9.426759442599868e-08,1.3708305233789416e-07,-1.7436637276517041e-06,-0.0005500818227106572,8.452512130955507e-05,1.10161323301535e-07,-1.7267789631624997e-07,31.0,60.453235387802124
-0.00020259903088563547,-0.0007462211490739417,-0.00029466377230938546,-0.001157690439004361,-0.13368801895378613,0.39487459270628067,1.5885218348534394e-06,2.3103753684817144e-06,1.9751916794430966e-06,-0.0005501864342427452,8.45572819800034e-05,1.6799914251712876e-07,-2.4682094169807125e-07,32.0,62.38823127746582
-0.0002031483951682942,-0.0007482445905954931,-0.0002955313586788323,-0.0011564294876187286,-0.13371951548441127,0.3949662481938328,6.737079321328199e-08,9.800806421102217e-08,-5.665637540437427e-07,-0.0005500818783885202,8.455831819882062e-05,1.5276231538333956e-07,-1.9420463317637212e-07,33.0,64.33624362945557
-0.00020399139933643408,-0.0007513495788381406,-0.0002968299470156774,-0.0011581287077581718,-0.13375089494682335,0.3950623722644316,-1.7501644779807144e-07,-2.5466818803830625e-07,1.8187173273279542e-07,-0.000550852565833926,8.455174135343204e-05,1.1984059433353776e-07,-1.803811764060119e-07,34.0,66.26023006439209
-0.000202408922803837,-0.0007455209350298084,-0.00029458345635299083,-0.0011549598496032223,-0.13377664740454726,0.39513773860852397,1.4662719651864708e-06,2.1339940644893494e-06,2.204738618805073e-06,-0.0005501782844494005,8.459429316974938e-05,8.61522356149573e-08,-1.9675043371496976e-07,35.0,68.20926785469055
-0.00020560549929272878,-0.0007572946993799199,-0.0002992476262682718,-0.001155950846893515,-0.1337765324516063,0.3951534673533284,3.7315549944646717e-07,5.431075118535341e-07,-1.1530172402426676e-06,-0.0005502325503833122,8.459985294493934e-05,1.4487901256717268e-07,-2.2450751357413303e-07,36.0,70.05225682258606
-0.00020272164124862234,-0.0007466727526950464,-0.000295066841649766,-0.0011563251889350381,-0.13378758957599743,0.3951755847320657,9.732936108137473e-07,1.4166551446383285e-06,-8.071836920388526e-07,-0.0005516432409657583,8.463796320044973e-05,1.6750822541728106e-07,-1.291637280405603e-07,37.0,71.92824172973633
-0.000201935883759318,-0.0007437786178222267,-0.000293981277567153,-0.0011569690408684955,-0.1338101536024776,0.39525373615596265,4.987336608724122e-07,7.260638777405589e-07,1.397154021690153e-06,-0.0005508175199805902,8.468774922675858e-05,9.380545012886715e-08,-1.6575062699332084e-07,38.0,73.86925840377808
-0.00020203859695752256,-0.0007441569353727494,-0.0002941928476559359,-0.0011592433042884695,-0.1338398795514002,0.3953371038712073,1.0971043570769386e-06,1.597517713338047e-06,-5.198038672833023e-07,-0.0005512519005125832,8.47713967328505e-05,1.420824503855352e-07,-1.6753163091141545e-07,39.0,75.81224131584167
-0.00020289324256404833,-0.0007473048018429594,-0.0002954904357500072,-0.0011544103189733846,-0.133864157504747,0.3954081855506427,-5.415910229075608e-07,-7.887643597730947e-07,-8.037325217515899e-07,-0.0005509873570444198,8.475250362973101e-05,1.5631014593359998e-07,-1.5505019510366015e-07,40.0,77.76823854446411
-0.00020404935764134724,-0.0007515630532932532,-0.0002972085462157063,-0.001155221108554856,-0.13388139591987547,0.3954539075775166,7.119668771317673e-08,1.0370168826059631e-07,-1.76786527373508e-07,-0.0005512871640780253,8.476456901448764e-05,1.3779586857267677e-07,-2.2231345541471373e-07,41.0,79.63523483276367
-0.000202565782936782,-0.0007460986888370673,-0.00029509229793786194,-0.0011571779510451653,-0.1338949528526808,0.3955137602477466,-1.1726321674635637e-06,-1.7082584086223915e-06,6.307869762891408e-07,-0.0005507072284437033,8.478456237431806e-05,1.6928538217607615e-08,-1.2288094995862975e-07,42.0,81.56823492050171
-0.00020425277517146685,-0.0007523122892565367,-0.0002976280101069402,-0.0011558502218621976,-0.13393398763858597,0.39561763692716945,2.0807085995277445e-06,3.031915356461165e-06,-1.6302981446704214e-06,-0.000552220539014342,8.479865259864694e-05,7.944481129510471e-08,-2.274812034573591e-07,43.0,83.51023077964783
-0.00020444837422295992,-0.0007530327278722468,-0.0002979248843779727,-0.0011561472922068223,-0.13393954356829357,0.39563338132697484,-7.53569241147354e-07,-1.0981110384498348e-06,6.703419810988838e-07,-0.000551324694738487,8.480506962974947e-05,1.5549531235150088e-07,-1.4859059977292017e-07,44.0,85.45226120948792
-0.00020448122459551068,-0.0007531537237398127,-0.0002979719376628651,-0.0011563043911888293,-0.13394163207040446,0.3956322969277433,7.984527864529899e-08,1.1635127436197174e-07,-2.8846161610813257e-06,-0.0005506463271590187,8.482226384762129e-05,1.1295081379799065e-07,-2.1395078479339497e-07,45.0,87.38725566864014
-0.0002030216471140372,-0.0007477777468563874,-0.0002959051880362357,-0.0011558030170082147,-0.13396978916324223,0.395712749249631,-3.3586405205669835e-07,-4.895237105468777e-07,-7.792132839450735e-08,-0.0005506764590623481,8.48571525521328e-05,1.6782599300631986e-07,-1.6410659905774293e-07,46.0,89.33324480056763
-0.00020268227885464397,-0.0007465277714779278,-0.00029548115645943205,-0.0011534626045612924,-0.13400324057479895,0.3958073198997773,1.3864717462542558e-06,2.0212731712768364e-06,-5.2436775962635e-07,-0.0005504181770913149,8.487664104458473e-05,1.1909230692432013e-07,-1.1691754311901948e-07,47.0,91.27023506164551
-0.0002021007827919722,-0.0007443859808409128,-0.00029462663421715333,-0.0011531952045759932,-0.1340004626831599,0.3957982038892263,4.88069190861795e-07,7.115171606510734e-07,1.1688576083362993e-06,-0.0005509627756687317,8.492557990357938e-05,1.4113372951610535e-07,-1.5277766686428497e-07,48.0,93.21923398971558
-0.00020462501174760267,-0.0007536833265985874,-0.0002983507295162379,-0.0011556833444552593,-0.13402210845817708,0.39585687912549494,-4.6269286751106203e-07,-6.746230369302214e-07,1.9595595035059802e-06,-0.0005508809213402192,8.49112057071914e-05,6.316551635098706e-08,-1.7377270492518308e-07,49.0,95.08626675605774
-0.00020455425756760377,-0.0007534227218404102,-0.0002983101788154503,-0.0011539170309127983,-0.13404497831119455,0.3959399818560798,1.2979740611031958e-07,1.892890704246267e-07,3.9043152229689865e-07,-0.0005518571823272023,8.493759875614494e-05,1.7784298285828713e-07,-1.8686814602212077e-07,50.0,97.02824139595032
-0.00020493505917624903,-0.0007548253062695029,-0.0002989219599764839,-0.001153072901083703,-0.13407368397406813,0.3960147566511989,4.3482649594614483e-07,6.342457052582175e-07,-5.920010761147634e-07,-0.0005506555804134211,8.492147937329214e-05,3.299076426380375e-08,-1.5101158299191086e-07,51.0,98.97424411773682
-0.00020151159426759905,-0.0007422158570090389,-0.0002940442046078064,-0.0011551479743169462,-0.13412106267357188,0.3961707390525685,-6.297908027088135e-07,-9.189859585917531e-07,2.3641985947441785e-06,-0.000550035041481882,8.494199404721791e-05,1.0803010085695473e-07,-1.8931143258513142e-07,52.0,100.91126942634583
-0.000202612124290532,-0.0007462693752509083,-0.00029569447435716167,-0.0011547191815491126,-0.13414465175623885,0.39623021413379617,1.708532782383173e-07,2.4934523396622294e-07,1.6152027179662467e-06,-0.0005503399673398097,8.500265958071554e-05,1.0160392868830595e-07,-1.965799836441841e-07,53.0,102.75423765182495
-0.00020250349112526495,-0.000745869253029561,-0.00029554529547475895,-0.0011549837990956218,-0.1341496888818643,0.3962427654368609,-2.162035216898714e-07,-3.1553989440730375e-07,2.836501186789202e-07,-0.0005514592584117625,8.49702333693733e-05,1.0150435748973991e-07,-1.1719948800783987e-07,54.0,104.69725561141968
-0.00020303943637397688,-0.0007478432690032488,-0.00029632240369949973,-0.0011569518206216206,-0.1341460179987363,0.3962359707996682,1.6787090694635971e-06,2.4499628649322875e-06,-5.640088004616858e-07,-0.0005513308893663825,8.503354154495434e-05,1.572963431760554e-07,-2.455678805486882e-07,55.0,106.65123200416565
-0.00020240891323411786,-0.0007455208997822184,-0.00029540741982042433,-0.0011601733035530755,-0.13414955392058586,0.39624297575925604,5.013206245596853e-07,7.31656633830639e-07,2.5458164612061753e-07,-0.0005500437245685647,8.504059612198728e-05,8.756903133366354e-08,-1.4365408648865534e-07,56.0,108.59423208236694
-0.0002036912707685876,-0.0007502441327323234,-0.0002973042718986669,-0.0011582895143371714,-0.13416456997136025,0.3962767037123114,-1.1200469108345534e-06,-1.6348010969748578e-06,1.7940469619996444e-06,-0.0005508534440795039,8.504156340515552e-05,1.9336484139235145e-07,-1.8930716429285391e-07,57.0,110.52526664733887
-0.00020289658701959547,-0.0007473171202816256,-0.0002961641529456238,-0.001157651765610085,-0.13416766228626537,0.3963031822876139,5.801788334484802e-07,8.468755727128847e-07,-5.153034547618845e-08,-0.0005492889456441428,8.499543717471346e-05,1.5372514442493886e-07,-2.1378985600632045e-07,58.0,112.48023676872253
-0.00020370315660848888,-0.0007502879111554319,-0.0002973746112967439,-0.0011601962826350534,-0.13418117232964508,0.39634733130484745,-1.290366725799936e-06,-1.8837326267969742e-06,1.9775342945024686e-06,-0.000549236056739144,8.501750857108047e-05,9.573002579123392e-08,-1.380185512469435e-07,59.0,114.41724181175232
-0.000202719469877976,-0.0007466647550117929,-0.00029599140613890046,-0.0011595449414377717,-0.13420221193507842,0.39641807672336904,4.990632842195073e-08,7.286840047644389e-08,-1.2658530244440525e-06,-0.0005481290380257753,8.498664630419595e-05,1.4779478537622313e-07,-1.6710033979013403e-07,60.0,116.28523421287537
-0.00020319428507759447,-0.0007484136142304004,-0.0002967479425170907,-0.0011631358492800266,-0.13423410876298975,0.3965025981284947,-1.3675504522167715e-06,-1.9971908190635274e-06,-1.4739342624383844e-06,-0.0005496381085956545,8.50300379929484e-05,1.1368327758105933e-07,-1.452195741315024e-07,61.0,118.22926592826843
-0.0002031394423115861,-0.0007482116150588965,-0.00029670211028977545,-0.00116149754464523,-0.13425069226842204,0.396548388608509,1.3123464433680063e-06,1.9167914085218813e-06,-4.1297072391582835e-06,-0.0005499022194873789,8.498915730428845e-05,1.0230838636319207e-07,-2.007006592131392e-07,62.0,120.16324257850647
-0.00020211601941381123,-0.0007444421010041855,-0.00029525782014888196,-0.0011617936991755499,-0.13427355846633762,0.3966162307996897,-2.9581058224502646e-07,-4.321299379767367e-07,-9.87022014012329e-07,-0.0005498661071779923,8.502079070317206e-05,1.1861946484793389e-07,-1.6302910313845942e-07,63.0,122.11826682090759
-0.00020398665006239966,-0.000751332086113187,-0.0002980355545227143,-0.0011613669395306638,-0.134291700890656,0.3966761968925359,-2.6367012463984954e-07,-3.852363251429703e-07,1.3642399824544882e-06,-0.0005496062758274785,8.499880387378602e-05,1.397599509107846e-07,-1.3391511601337392e-07,64.0,124.07123637199402
-0.0002040944417509779,-0.00075172910897333,-0.0002982638798793075,-0.0011588793511242243,-0.1343305160763025,0.3967704274305139,-3.695682054586334e-07,-5.400874211585633e-07,7.028091438901617e-07,-0.0005493733650843034,8.496989145056772e-05,1.0438100939741741e-07,-1.1140059268582485e-07,65.0,125.92627143859863
-0.00020389741224251332,-0.0007510034016390331,-0.00029800618659085086,-0.0011612354533969834,-0.134346122383689,0.39681070144351543,-8.497548422210429e-07,-1.2419588029346437e-06,-4.459502461452322e-08,-0.0005495601093467607,8.499186943606306e-05,1.3175584768103202e-07,-1.6719635925738204e-07,66.0,127.89425873756409
-0.0002034374182868716,-0.000749309132644688,-0.0002973577219038537,-0.0011632575450268956,-0.1343564784870924,0.396842516591689,1.2340329134304598e-06,1.8037448505440796e-06,-3.1548240880774604e-07,-0.0005495280397021541,8.502701739781744e-05,8.588758717241328e-08,-6.799576054172827e-08,67.0,129.84225869178772
-0.0002020512599075192,-0.0007442035760801687,-0.0002953839248416635,-0.001163012706169013,-0.13438260241354114,0.39691279958300485,2.2614612570588292e-06,3.3060880982973156e-06,-9.451269830091047e-07,-0.0005486576620953892,8.499885437005622e-05,1.0126594173599033e-07,-1.224211019316944e-07,68.0,131.79726433753967
-0.00020267980886633105,-0.0007465186739135861,-0.000296342690409207,-0.001162472281176795,-0.13439659943503443,0.39696621231943946,7.460704716973463e-07,1.0908462956650942e-06,-1.1231866928797052e-06,-0.0005487075948614703,8.50006090883361e-05,1.696790540842404e-07,-1.2290550416388637e-07,69.0,133.75524187088013
-0.00020456036475625892,-0.0007534452160933655,-0.0002991318262747147,-0.0011600355480297744,-0.134414056552111,0.397018681498466,-1.2156694928833907e-06,-1.7776924464179464e-06,6.616167360634942e-07,-0.000548458013647606,8.50290357952368e-05,1.245356300840579e-07,-7.024894768941411e-08,70.0,135.69526553153992
-0.00020317278343466867,-0.0007483344184791059,-0.0002971525556432873,-0.0011617401180146726,-0.13443619503963333,0.3970852446519992,8.154745879480831e-07,1.1926811280399734e-06,8.131324386117638e-07,-0.000548405158201159,8.504071305916435e-05,1.6704617206519945e-07,-8.795097566702917e-08,71.0,137.6382668018341
-0.0002027689855782182,-0.0007468471333115485,-0.00029661063523791223,-0.0011617078903805092,-0.13445954359041223,0.397150396658456,6.263327340530571e-07,9.161999770510012e-07,-4.226931591938506e-07,-0.0005474534196557706,8.502430841701598e-05,1.0226345881265348e-07,-1.932363376814151e-07,72.0,139.57223534584045
-0.0002030967632612073,-0.0007480544177939902,-0.00029711868433628157,-0.001158377514273986,-0.13446811861443014,0.39718859653617644,-5.447090842804497e-07,-7.968774832628274e-07,5.271542949333674e-07,-0.0005483165237065116,8.50464852189288e-05,1.8973072566802003e-07,-1.9685619882938232e-07,73.0,141.53025722503662
-0.00020233544560636075,-0.0007452503007406257,-0.00029604866033917454,-0.0011600055877484998,-0.13448890511254274,0.3972472873140246,6.244374193015129e-07,9.136503532777022e-07,-1.7550438833813338e-06,-0.0005479401926159854,8.503376358243523e-05,1.5157899052529254e-07,-1.6853745122144617e-07,74.0,143.48227095603943
-0.00020305409599866766,-0.0007478972639465576,-0.00029713624081332337,-0.001161379065539805,-0.13450532294805762,0.39729553126772205,2.88231589303619e-07,4.2177945635551073e-07,7.923469699296721e-07,-0.0005470748730767947,8.506100748634407e-05,9.470302189483603e-08,-2.1176813674958566e-07,75.0,145.33423566818237
-0.00020577513782489812,-0.0007579195191253268,-0.0003011436474273864,-0.0011628192995879693,-0.13451733168729846,0.3973293203675764,3.9222760013730085e-07,5.74009303101139e-07,-3.555490441032263e-08,-0.0005471221570537179,8.505666013686396e-05,1.8276895755205477e-07,-1.8613729184809806e-07,76.0,147.28323793411255
-0.00020358570158530775,-0.000749855295896997,-0.0002979627968943802,-0.0011622173344854882,-0.13453067034310046,0.39736039543196017,-2.0894317557395558e-07,-3.0580384113766653e-07,-1.2240987542126031e-06,-0.0005464030435236094,8.503010312047465e-05,1.6375644958239867e-07,-1.280225623845733e-07,77.0,149.23323464393616
-0.0002024216003099117,-0.0007455676293508116,-0.0002962866810824891,-0.0011600465751053952,-0.1345438190447245,0.39739745855178144,4.843215050500145e-07,7.089065754285433e-07,-2.4866910714541285e-07,-0.0005467148835103218,8.505819737960414e-05,7.95227659150463e-08,-1.7762342095829482e-07,78.0,151.18623566627502
-0.00020359655143015545,-0.0007498952584997468,-0.00029807388629573677,-0.0011626070529803377,-0.13457332999992982,0.397487359624154,1.0966874670341388e-06,1.6055963374007411e-06,-1.520702111210197e-06,-0.0005464107932649388,8.508109372731235e-05,1.3905504118141692e-07,-2.1651522294160107e-07,79.0,153.12624049186707
-0.00020217030464878577,-0.0007446420466537152,-0.0002960554761810896,-0.0011585568125304208,-0.1346035603021453,0.39758092832859576,1.0981478498166873e-06,1.6081128603026514e-06,1.5095911320890083e-06,-0.0005462564064386447,8.505579097947668e-05,1.1407553407737147e-07,-1.783584901174942e-07,80.0,155.05723071098328
-0.00020277072174502454,-0.0007468535280338021,-0.00029697272309956986,-0.001160712608556576,-0.13461623052153604,0.39763181394000063,7.262334054728723e-07,1.063622491204428e-06,-1.198630100839792e-07,-0.0005457429227263636,8.509952436486462e-05,1.2480980597975856e-07,-1.8417897831642866e-07,81.0,156.92026734352112
-0.0002023849191439355,-0.0007454325237449661,-0.000296454054708156,-0.0011587122889421004,-0.13464106502648265,0.3976940169162534,1.2305706425475936e-06,1.8025435798672835e-06,-8.911190632335708e-07,-0.0005456664981468981,8.504383209431384e-05,1.0450010584568888e-07,-1.515267835178081e-07,82.0,158.8692328929901
-0.00020269077588359443,-0.000746559068090623,-0.0002968991050675506,-0.0011601963477138927,-0.13463618264688149,0.39769003921804985,-1.1891136585995572e-06,-1.741799843547612e-06,2.368152943934308e-06,-0.0005455246857634233,8.508937176932131e-05,1.3337590587046372e-08,-2.289690193118176e-07,83.0,160.82824444770813
-0.0002019299622488497,-0.0007437568074670365,-0.0002958244642600683,-0.0011624396317777654,-0.13465288956091317,0.3977435383314852,-1.0482150107387336e-06,-1.5356196954084701e-06,1.8180711175629963e-06,-0.0005449213002957756,8.504311715327472e-05,9.633516882347156e-08,-2.446175821840767e-07,84.0,162.68525981903076
-0.00020031135527344987,-0.00073779508651938,-0.00029349840236855796,-0.001162376907206724,-0.13467913253152117,0.3978047668400249,1.7382976799180913e-06,2.5469727560161053e-06,-2.204819904928512e-06,-0.00054440382263964,8.507015481308807e-05,1.311519813618232e-07,-2.1990006512408871e-07,85.0,164.55025696754456
-0.00020179427166683406,-0.0007432570262363466,-0.0002957091654904042,-0.0011609473713150276,-0.13469304957137776,0.39785586284706353,6.540618633734049e-07,9.584616832699234e-07,5.1849650237125284e-08,-0.0005448418938653194,8.506612520168665e-05,7.597536126762258e-08,-2.444567011266157e-07,86.0,166.4912314414978
-0.00020175942575971598,-0.0007431286803328736,-0.0002956879293002399,-0.0011612647284190336,-0.13470498338225417,0.3978959998795778,-4.4560252008611345e-07,-6.530514190737523e-07,1.895683787616874e-07,-0.0005435485266731634,8.501999425707659e-05,1.65922747634961e-07,-1.903236857101264e-07,87.0,168.44023180007935
-0.0002028464050215455,-0.0007471322878458566,-0.000297310496663173,-0.0011607334093926233,-0.13472075807318173,0.39793554836237,3.095801539597359e-07,4.5374934927467554e-07,1.8109635780978393e-07,-0.0005438112254776098,8.5110128650814e-05,1.598390739596831e-07,-1.3680585879801113e-07,88.0,170.39323234558105
-0.00020136923199580952,-0.0007416915023317025,-0.000295184203344232,-0.001160701524618164,-0.13474218465518886,0.3979878459120035,-4.088464478526521e-07,-5.993219782307596e-07,-2.578183151646313e-06,-0.0005433636365804962,8.505795432447675e-05,1.277626006950951e-07,-1.9421572638999134e-07,89.0,172.24326920509338
-0.00020279007903542577,-0.0007469248256160677,-0.00029729434455586195,-0.001162236543328978,-0.13475765599095177,0.3980244522072913,-5.840774900931077e-07,-8.562693298008059e-07,5.645119992978533e-07,-0.0005431305084558257,8.505628071542384e-05,1.5852810477142873e-07,-1.6324086173188305e-07,90.0,174.18626737594604
-0.00020299315222468094,-0.0007476727932871292,-0.00029760889742507635,-0.0011594390757421675,-0.13476624983702312,0.3980469800387473,3.9957693359393683e-07,5.858209639418402e-07,-5.65709943827922e-07,-0.0005433403975792261,8.507131263910125e-05,1.733710897204583e-07,-1.1760526268136607e-07,91.0,176.12725710868835
-0.00020231128319221831,-0.0007451613047255288,-0.00029664599883179175,-0.001160659309783024,-0.13477296900664695,0.39809635437398044,7.844437641356399e-07,1.1502180578777194e-06,4.63511010675369e-07,-0.0005429453159518249,8.503525991414537e-05,7.729739104192144e-08,-1.6737291767388715e-07,92.0,178.06923532485962
-0.0002037875736353597,-0.0007505988394828285,-0.0002988526071559913,-0.0011627598864679223,-0.13480195604819648,0.3981522371682646,3.280979840939066e-07,4.811526570069488e-07,-1.1441042414590864e-06,-0.0005422102464876578,8.50749175305584e-05,1.7936122037038802e-07,-2.2774975818273225e-07,93.0,180.01323199272156
-0.00020261151109634025,-0.0007462671167083946,-0.0002971561738421828,-0.001164417406154913,-0.13481521350520978,0.39819009465788535,-6.421455447267424e-07,-9.417900377122684e-07,-4.884583454066251e-07,-0.0005413228411051475,8.506922811713814e-05,9.05563120574816e-08,-2.028106855170673e-07,94.0,181.97326016426086
-0.00020431710533871093,-0.0007525492328218505,-0.0002996853295807398,-0.001160947630922342,-0.13482777387154704,0.398226875412527,1.2976535377853569e-06,1.9033536416953011e-06,2.7000517674320866e-06,-0.0005401691815393252,8.504352899082402e-05,1.248582625040804e-07,-1.784585694508884e-07,95.0,183.91225910186768
-0.00020272594952042494,-0.0007466886211020844,-0.00029739934967358995,-0.0011616395051163057,-0.13484829485600247,0.39829098940149865,9.351465645876403e-07,1.3718616959301057e-06,2.5835999715412207e-06,-0.000540687991688184,8.502113089787125e-05,7.676727919887718e-08,-2.201779235393578e-07,96.0,185.8612310886383
-0.000203664648209055,-0.0007501460754065394,-0.00029876401631788024,-0.0011636635292581177,-0.13484132751811354,0.3982744509540571,6.832959261228475e-07,1.0023547322862654e-06,-4.242925831160529e-07,-0.0005395109413288649,8.501680553191739e-05,9.970849190168729e-08,-2.100211938809846e-07,97.0,187.8222315311432
-0.00020282103302235943,-0.0007470388366364221,-0.00029760906231918877,-0.001163136363546806,-0.13488107140259942,0.39838499382333015,8.36236504693782e-07,1.2270499991059872e-06,-1.504214183792309e-06,-0.0005393917973230664,8.506483842974859e-05,1.0581436155699718e-07,-1.9302896918432347e-07,98.0,189.75225925445557
-0.00020222594808471937,-0.0007448469948858822,-0.0002968142041306637,-0.0011630388474961264,-0.13491096343288464,0.3984901680057641,-6.791110514036289e-07,-9.967553479499195e-07,-1.6429247016244061e-06,-0.0005390026250254416,8.50531004744013e-05,1.511766587557047e-07,-1.7856569887112066e-07,99.0,191.69123601913452
-0.00020333653127636077,-0.0007489375413842677,-0.0002985056661274434,-0.0011652501407098074,-0.134938863853944,0.39857217676084555,-6.107724953554879e-07,-8.966369170515292e-07,-1.3861129461173797e-07,-0.0005389039251924024,8.507559078049902e-05,9.211684608698823e-08,-1.4999896653266432e-07,100.0,193.6392629146576
-0.00020346759221860544,-0.0007494202705331953,-0.0002987491617768553,-0.0011656554409882633,-0.13496034428982184,0.3986403537821337,2.11585279371121e-06,3.10668252757257e-06,-2.0389567729488452e-07,-0.0005392043581833569,8.506323181625637e-05,1.5200985844896217e-07,-1.9514188881339487e-07,101.0,195.58325481414795
-0.0002029347107269186,-0.0007474575391162557,-0.00029799931593184976,-0.001165639442804737,-0.1349714289637736,0.39868393900232035,1.8848289488581542e-06,2.7677754315888466e-06,-1.3461547601624886e-06,-0.0005380080719753434,8.507950140171036e-05,8.533900028963698e-08,-2.1638955615483325e-07,102.0,197.4542372226715
-0.0002038089174060624,-0.0007506774537526208,-0.0002993015111739744,-0.001162259834981074,-0.13498490946062952,0.39870853943697443,5.871005523811582e-07,8.621804926060127e-07,-3.0533456207219593e-07,-0.0005385177929724713,8.502701194925739e-05,1.1778610419727082e-07,-2.443826799773473e-07,103.0,199.39123106002808
-0.00020235705368938309,-0.0007453298885364313,-0.0002972481926411549,-0.0011630403466957125,-0.13502024970293525,0.3988142662906582,-9.065937233316752e-08,-1.3317219543065857e-07,2.4640825160842903e-06,-0.000537403793747122,8.502316040902469e-05,5.37603808521976e-08,-2.2476194946598876e-07,104.0,201.34923362731934
-0.0002008454225482874,-0.0007397621854541252,-0.0002950898754572312,-0.001165590327213505,-0.13504919271968086,0.3988982963167838,6.56198348722323e-07,9.641119828774269e-07,-1.7659280546173225e-06,-0.0005374701790870584,8.501137691552413e-05,1.5145870343344512e-07,-1.3393945437794284e-07,105.0,203.2982542514801
-0.00020190203031842985,-0.00074365392741188,-0.0002966753597310928,-0.0011678885313139542,-0.13506199759528378,0.3989427727002055,3.2666572237256976e-07,4.800034218395158e-07,-1.3134142728638075e-06,-0.0005377464318620237,8.50515977987973e-05,1.5625563646269823e-07,-1.7256925150847994e-07,106.0,205.25125646591187
-0.00020256516263166804,-0.0007460964041033075,-0.00029768123099631664,-0.001166262611130679,-0.13507634878737454,0.398984942641673,-1.021405077741302e-06,-1.5010137987349057e-06,-1.6095169898157744e-06,-0.0005372604137964583,8.502058306335457e-05,1.698579169142606e-07,-1.2560029532812352e-07,107.0,207.1822316646576
-0.00020289242245486605,-0.0007473017811824906,-0.0002982391809609385,-0.0011667574780081795,-0.1351129119126352,0.3990880103203029,2.5637755660715226e-07,3.7685896485130464e-07,2.0709567151440332e-06,-0.0005366312436737921,8.504915876027987e-05,1.5157866416562904e-07,-2.654122330258375e-07,108.0,209.13191938400269
-0.000201696176384869,-0.000742895717588334,-0.00029651997918405244,-0.0011655308506570467,-0.13512762288450791,0.3991407840479236,1.0902779337132262e-06,1.602852262587282e-06,1.8500555192892738e-06,-0.0005359362612259066,8.505071358985102e-05,1.2278455873119382e-07,-1.8316931217455413e-07,109.0,211.07747983932495
-0.00020305486983273295,-0.0007479001141645794,-0.00029855717172083484,-0.0011685795345153247,-0.13514498129506833,0.39919391114725217,-2.2175582577272263e-07,-3.260536847510194e-07,2.828961699626692e-06,-0.00053596362021712,8.507540574851777e-05,1.1808977550768242e-07,-2.0237773018122854e-07,110.0,213.0255024433136
-0.00020309531262051398,-0.0007480490747334647,-0.00029865787223682354,-0.001166604670921362,-0.13516441045015973,0.39924903635932907,-1.6507981746521902e-08,-2.4275490992767085e-08,4.977071532792326e-07,-0.0005354811930804046,8.506865886181083e-05,1.308914548069772e-07,-2.390315640914135e-07,111.0,214.96347641944885
-0.00020243409093315183,-0.0007456136353371375,-0.00029772415635768746,-0.0011658729618182816,-0.1351893823292652,0.39930084731225196,-1.7573983206173852e-07,-2.584643235681954e-07,-3.6315617928423065e-06,-0.0005350622376203455,8.509948478081547e-05,1.308143433980411e-07,-2.1774338586099757e-07,112.0,216.9145028591156
-0.00020294843902177273,-0.0007475081037465163,-0.0002985061726555141,-0.0011660016445074197,-0.13519744884863577,0.39933503216807803,1.1141708949237546e-06,1.6387752123945259e-06,1.3596638820437748e-06,-0.0005347738315674903,8.512503708510641e-05,1.0006917334413135e-07,-2.1435744678816931e-07,113.0,218.77551555633545
-0.00020238242548192037,-0.0007454233389846579,-0.00029768996231769473,-0.001166915008893989,-0.1352117627788443,0.39935691136687324,-3.51474025658732e-07,-5.169929330119792e-07,8.142866150288624e-07,-0.0005345897393910981,8.513459437154824e-05,1.563228087948456e-07,-2.4019440047722345e-07,114.0,220.7094805240631
-0.00020352802267813012,-0.0007496428505314816,-0.000299415715809899,-0.0011677345773746515,-0.13522982262452884,0.39941115372156133,2.0748950328810424e-07,3.052435428855079e-07,1.7178971104511084e-06,-0.0005340233505971514,8.51142857076948e-05,1.1988392273787952e-07,-1.7837119206972551e-07,115.0,222.64450311660767
-0.0002022801863096709,-0.0007450467673861632,-0.00029761045509652293,-0.001167810038030161,-0.13523717445974018,0.3994520453267993,6.216964422939029e-07,9.146884546839556e-07,8.253776404063723e-07,-0.0005343912004838261,8.512606950568093e-05,1.3233707340717303e-07,-1.9471980486693773e-07,116.0,224.58748173713684
-0.00020610241868178992,-0.0007591249736830165,-0.00030328874100994305,-0.0011697613492382556,-0.13526146065072697,0.3995241251759761,-8.15414725049378e-07,-1.1999184334473732e-06,-2.21126979106219e-06,-0.00053443464714044,8.516281319560425e-05,1.3494961507038516e-07,-1.9419710675708293e-07,117.0,226.5315020084381
-0.00020243843664824741,-0.0007456296416568721,-0.0002979373647473191,-0.001167263359568889,-0.13527940241254505,0.3995782196711884,4.04326975460353e-07,5.950653886537168e-07,1.8259480092173547e-07,-0.0005338982119505545,8.512657331162162e-05,9.403130661119668e-08,-1.9055777004357727e-07,118.0,228.4674792289734
-0.00020376100886928476,-0.0007505009950243119,-0.0002999146263399502,-0.0011672992323381044,-0.13529643009077783,0.3996192254618326,6.65274551856442e-07,9.792136321633117e-07,1.2965309975615297e-07,-0.0005337544985066326,8.516340546822258e-05,1.852086378927224e-07,-2.0471409252317194e-07,119.0,230.40751576423645
-0.0002033166093831344,-0.0007488641642331781,-0.0002992790596326705,-0.0011660404934268525,-0.1353027464250052,0.39964398608808616,-1.888050965155553e-06,-2.7791831073746717e-06,8.835560237740983e-07,-0.0005339200117463908,8.516407256584401e-05,1.372583445993247e-07,-2.2338661250953353e-07,120.0,232.344477891922
-0.0002025147811718751,-0.0007459108370017971,-0.000298129649307125,-0.001168197300771003,-0.13532047993145474,0.3996853705805681,-5.530103312464132e-07,-8.141073266265391e-07,-2.4281143337948933e-06,-0.0005333692939832964,8.516856015341025e-05,1.5768835035204767e-07,-2.0952286569871843e-07,121.0,234.2024872303009
-0.00020326084368375917,-0.0007486587656748223,-0.00029925757600401666,-0.0011678980617283413,-0.13533318807386996,0.3997249344089004,-1.4269098011360681e-06,-2.1008155678325297e-06,8.617744732940226e-09,-0.0005325559543798582,8.510862111724397e-05,1.0452255252674661e-07,-1.8536558040901697e-07,122.0,236.14248251914978
-0.00020198605574675343,-0.0007439634133862089,-0.00029742022177337024,-0.0011685625258785665,-0.13534795099895586,0.39977802190518796,-2.0386501357691924e-06,-3.001869313571089e-06,-6.984443157266259e-07,-0.0005329997994283705,8.51207992687756e-05,1.6235232616405674e-07,-2.7075380088680726e-07,123.0,238.07050251960754
-0.00020255775696329222,-0.000746069127235568,-0.0002982867270135356,-0.0011690402667690525,-0.13535699991482913,0.3998111114968478,-1.6706626737559798e-06,-2.4602191548091117e-06,-1.4116317280167112e-06,-0.0005330224852172824,8.515174380693583e-05,1.5974304837812294e-07,-2.0701218874477343e-07,124.0,240.01448273658752
-0.00020343579316217913,-0.0007493031469173895,-0.00029961378407041277,-0.001166617141670713,-0.13537363541297423,0.3998565671357645,1.5203324899396634e-08,2.2390973492900297e-08,-3.3917671344039047e-07,-0.0005329459000857135,8.515354397479136e-05,5.593276629608083e-08,-2.1905473513989045e-07,125.0,241.93951272964478
-0.00020086533768174042,-0.0007398355377070413,-0.00029583457907849335,-0.0011667934308142146,-0.1353785057109674,0.3998653268202931,6.679342894812735e-07,9.837339335466286e-07,3.8995672988031666e-07,-0.0005326782630647937,8.513933791581513e-05,7.888817546946404e-08,-2.0717113549149556e-07,126.0,243.8704869747162
-0.00020168447591995076,-0.0007428526219462637,-0.0002970726587200958,-0.0011680254526285918,-0.13539421343465843,0.39990793589954554,1.2671313740621038e-06,1.8664305425956936e-06,1.5472203189598533e-06,-0.0005314772249027015,8.517957628910607e-05,9.298810302346922e-08,-1.8690742988223954e-07,127.0,245.81050658226013
-0.0002034913770228357,-0.0007495078757198229,-0.00029977206730828906,-0.0011711301469140407,-0.13540453356188456,0.39995852881517724,-1.1471163467313719e-06,-1.6898672796262253e-06,3.5162093759112437e-07,-0.0005316104345222212,8.516122294062536e-05,1.5431499905494595e-07,-1.6953723727949602e-07,128.0,247.76551342010498
-0.00020136440586769567,-0.0007416737265346616,-0.0002966573138093402,-0.0011684056504806712,-0.13541599281837002,0.399983581992878,8.826251694120944e-07,1.3003152000682145e-06,1.0969101974185803e-06,-0.0005313647142602536,8.515725087335166e-05,4.838771076707795e-08,-1.7870703880419054e-07,129.0,249.64070296287537
-0.00020482870592315456,-0.0007544335815146157,-0.00030177072789297715,-0.0011702660385941267,-0.13541776244649378,0.3999964149092307,8.324508295134886e-07,1.2264359020022491e-06,1.563187419861501e-06,-0.0005308117622656196,8.51675188980819e-05,6.016506548994681e-08,-1.5808325120720322e-07,130.0,251.60300397872925
-0.00020381909368635218,-0.0007507149354542071,-0.00030032078112273146,-0.0011685480009997835,-0.13544383127705442,0.400046365057367,1.269431966218907e-07,1.8704664595709024e-07,-3.3082008568376077e-07,-0.0005297102560587381,8.510080041515878e-05,1.2026090407702348e-07,-2.437566279019265e-07,131.0,253.55303120613098
-0.00020200861344966479,-0.0007440464988616896,-0.00029774342380244713,-0.0011693348012954351,-0.13547971320904004,0.4001677640550184,2.756942987317226e-07,4.0634980142243e-07,1.9268104152374433e-06,-0.0005305292455663673,8.513157541668596e-05,1.708030500858399e-07,-1.9687149749588768e-07,132.0,255.5409779548645
-0.00020128131110915546,-0.000741367668442537,-0.0002966729497954471,-0.0011689196666480575,-0.13548190520950024,0.4001697975563147,8.895360432899138e-07,1.31110666063488e-06,1.87071125295701e-07,-0.0005313163443250143,8.513907657917452e-05,7.782194755715649e-08,-2.298624051493109e-07,133.0,257.48998165130615
-0.00020220057859680833,-0.0007447535529261751,-0.0002980818021037768,-0.0011680114037600604,-0.13550850882294915,0.4002422021789598,1.1598527596383708e-06,1.7098417043130947e-06,-7.39423868931325e-07,-0.0005304178323629864,8.517246666136709e-05,2.166022431366979e-07,-2.5212082526824007e-07,134.0,259.44697761535645
-0.00020200410857199006,-0.0007440299063076931,-0.0002978152678006282,-0.0011690516427386667,-0.13551654045940634,0.40027324879796816,1.5378832757128216e-06,2.2673058380907275e-06,-1.9794379868593463e-06,-0.0005307155711641887,8.516500278930205e-05,1.407204861593008e-07,-2.4488167216924177e-07,135.0,261.3941411972046
-0.00020285191700543772,-0.0007471525898156518,-0.00029906649334360855,-0.0011716523351984268,-0.13551406638848715,0.4002749872250306,5.512516638540884e-07,8.127154795836908e-07,-6.019182675462724e-07,-0.0005312726515468678,8.519353674445706e-05,4.061032342031806e-08,-2.0973792320553186e-07,136.0,263.24642872810364
-0.00020113093809636396,-0.0007408138082689008,-0.000296563992985816,-0.0011702294384900633,-0.13553089531083232,0.4003219023128266,7.200058321717916e-07,1.0616357436881818e-06,-8.430077096963403e-07,-0.0005307982230257466,8.515303142501099e-05,8.642750541267974e-08,-2.654212508374175e-07,137.0,265.18647384643555
-0.00020283666583238057,-0.0007470964160566566,-0.00029910284226462684,-0.0011706125670836788,-0.13554124960570987,0.4003537372637378,9.494167791028121e-07,1.400009413387519e-06,2.107609726044955e-06,-0.0005307258624643338,8.518671674367357e-05,1.3977665551769964e-07,-2.0895552757187778e-07,138.0,267.1326174736023
-0.00020207407544373655,-0.0007442876112180822,-0.0002980386938075521,-0.0011734195839694479,-0.13557041008365814,0.40043484442766625,9.071475463470209e-07,1.3379502268670661e-06,-1.7522758034649876e-06,-0.0005309414471295917,8.516428830593796e-05,1.7946804787501483e-07,-2.2222190326651474e-07,139.0,269.0833294391632
-0.00020249754001129132,-0.0007458473336374808,-0.0002986893631265254,-0.0011671215497948153,-0.13557746717060817,0.4004698410193733,1.3771790235382426e-06,2.031376296911881e-06,-2.6034247551765696e-06,-0.0005289781737431681,8.518024401264911e-05,1.3761164992406347e-07,-1.965302101004551e-07,140.0,271.0603425502777
-0.00020200175908001984,-0.000744021252560534,-0.0002980142141674229,-0.0011706997082007343,-0.13560286565634488,0.4005452977879503,2.0144146848961825e-08,2.971875984641478e-08,2.6676735122978777e-08,-0.0005302639896394678,8.516021742848562e-05,1.448476042848905e-07,-1.969644840205185e-07,141.0,273.00330424308777
-0.00020226252377432283,-0.0007449817119967022,-0.00029843747796698053,-0.0011718760441907792,-0.1356227166897701,0.4005970524660364,1.020339924387644e-06,1.5055070579120022e-06,-9.045430986785388e-07,-0.0005315258653412919,8.519498960633844e-05,4.266147142407463e-09,-2.7696846518552966e-07,142.0,274.8645706176758
-0.0002027128780810603,-0.0007466404758294753,-0.0002991360304572714,-0.0011735889201016315,-0.13563994254024056,0.4006426655679873,-5.649663779066812e-07,-8.337003152884846e-07,1.208987162512765e-06,-0.0005312331996129872,8.517662747501791e-05,1.2572142430190152e-07,-2.341424715769086e-07,143.0,276.81673192977905
-0.00020410947587642928,-0.0007517844832936118,-0.00030119718807860446,-0.0011730285633993972,-0.13563796902271735,0.40064299645962625,7.796137385207412e-07,1.1504485608914965e-06,-1.5367936857076033e-07,-0.0005311275504524778,8.513399794952494e-05,1.8668157441369086e-07,-2.0346267582563455e-07,144.0,278.6727030277252
-0.00020283004581796269,-0.0007470720329424492,-0.0002993336763984887,-0.001171759673574814,-0.13565430147701327,0.40067578921341834,2.1637813772071045e-07,3.1932773885736785e-07,-3.00942826621512e-06,-0.0005310822119700688,8.514160096902157e-05,1.8109962431399221e-07,-2.2474753710778802e-07,145.0,280.5467531681061
-0.00020377784013347175,-0.0007505629886411902,-0.0003007212988292511,-0.0011754598902824535,-0.13564812082870806,0.4006609750018092,-6.769629477244083e-07,-9.990152290068516e-07,8.375591507186714e-07,-0.0005310675668888024,8.516740021307754e-05,1.203421312935079e-07,-2.3028395488225442e-07,146.0,282.49487352371216
-0.00020556121838203448,-0.0007571316020753882,-0.0003033627041778334,-0.001175199762055037,-0.1356560260568832,0.40067367858676084,3.268546746444192e-07,4.823648797534375e-07,1.3330011063931715e-06,-0.0005312956605796905,8.511330518237389e-05,6.561634176030177e-08,-1.946772397522761e-07,147.0,284.3598415851593
-0.000204520514076646,-0.0007532984364017196,-0.0003018439230480503,-0.0011734109085545332,-0.1356568203312382,0.4006963355584117,1.8329433005527343e-06,2.7051700324781625e-06,1.8741086557222336e-06,-0.000530925212733446,8.515159913245392e-05,1.0155634220609255e-07,-1.9699394879876154e-07,148.0,286.23484110832214
-0.0002031673675381359,-0.0007483144704222844,-0.00029985059871800757,-0.0011765314165786652,-0.13566051497645468,0.4007013235342057,3.862757053811226e-07,5.700964508115091e-07,7.413503707272384e-07,-0.0005313150102277775,8.515924547253244e-05,9.394401960146277e-08,-2.55595360532005e-07,149.0,288.1938831806183
-0.00020268488490014108,-0.0007465373701737854,-0.00029915418941587533,-0.0011745321766905268,-0.13567076511088066,0.40072232331281105,-4.3300159351312476e-07,-6.390917294686142e-07,7.208388665950363e-07,-0.000531262776447409,8.518232239979405e-05,1.2001505608287902e-07,-2.699595458183587e-07,150.0,290.0588712692261
-0.0002033381020297644,-0.0007489433268489579,-0.00030013267524845903,-0.0011764073247804963,-0.13567925201747416,0.4007415040483936,1.129081260587958e-06,1.6665551475538656e-06,-2.3834440341099594e-07,-0.0005312547736003968,8.520831590173235e-05,9.682968031377305e-08,-1.9696058579279458e-07,151.0,292.01390266418457
-0.0002041938441125387,-0.0007520952319130394,-0.00030139091862815804,-0.0011758116350550332,-0.13567088176774916,0.4007350476900859,8.780438013045132e-07,1.295996039004598e-06,7.821837002915342e-08,-0.0005320713236148686,8.517668766545049e-05,4.807674817266534e-08,-2.755056847998633e-07,152.0,293.9799106121063
-0.0002034216815237281,-0.0007492511703399052,-0.0003002955266910775,-0.0011745593629634808,-0.13569453235223317,0.40079420437187363,1.359410886941682e-06,2.0067919147191696e-06,6.259361528864782e-07,-0.0005315101904247326,8.516926927864087e-05,1.170343016982922e-07,-2.1548822768607756e-07,153.0,295.832905292511
-0.0002033164919518891,-0.0007488637317054996,-0.0003001516721755041,-0.0011738097316166193,-0.13569873139468994,0.40080946568466297,1.732871754977066e-06,2.5582003764729358e-06,-2.3978750120093368e-06,-0.0005304387989493511,8.516822104365112e-05,1.320873691187547e-07,-1.9053081810968214e-07,154.0,297.69191217422485
-0.00020453677160697773,-0.0007533583168181177,-0.0003019904568412096,-0.0011758292465199446,-0.13571796909370587,0.40085899378757206,-5.865820985347375e-07,-8.660652294380748e-07,9.671449319381735e-08,-0.0005307551911014107,8.514677483785845e-05,9.979425160851106e-08,-2.8510718463966196e-07,155.0,299.6389162540436
-0.00020298447936195355,-0.0007476408490360912,-0.00029972235097329924,-0.001173015679203394,-0.13572906361321385,0.4008908172416227,-1.0083791365829347e-06,-1.4889500410833684e-06,7.337324028519373e-07,-0.0005302018810584397,8.515378567709262e-05,1.4976320915844877e-07,-1.9979388160831232e-07,156.0,301.59611558914185
-0.00020423856834416958,-0.0007522599620754395,-0.00030157557358514433,-0.0011724359391827978,-0.13573142713287245,0.4008927615303567,-1.6156475351542167e-06,-2.3856405231222394e-06,-2.2969077002073854e-08,-0.0005302594657502169,8.51666281800799e-05,1.1102043869567415e-07,-1.7944187110945464e-07,157.0,303.45123076438904
-0.0002043015222195162,-0.0007524918364248093,-0.0003016797726370892,-0.001173878845434775,-0.13573788582819185,0.40090770163090494,3.8549875702946e-07,5.692428017025837e-07,3.017265906799789e-07,-0.0005307942123751866,8.518792157368598e-05,9.170077659485124e-08,-2.0482367314672137e-07,158.0,305.3114411830902
-0.00020454008877783054,-0.0007533705347606884,-0.000302028581075921,-0.0011748736363739016,-0.13573769286753004,0.4009030976660931,8.866275644521353e-07,1.3092145011602382e-06,1.5269136456072786e-06,-0.0005320727675739022,8.519026116755788e-05,1.2322986161479702e-07,-1.6910893175535322e-07,159.0,307.25772976875305
-0.0002032548228540853,-0.0007486365895029298,-0.0003001870457057157,-0.0011755138396738187,-0.13575876330794248,0.40097832501752295,8.887462797884709e-07,1.3125892988402794e-06,1.2528941878512735e-06,-0.0005320158286579958,8.517526027507077e-05,1.293188944265541e-07,-2.6940776134696895e-07,160.0,309.20573258399963
-0.0002033844447761357,-0.000749114018392374,-0.00030038960643267553,-0.0011749340731152839,-0.13576594757450558,0.40099317201048057,-5.94019174599208e-07,-8.773393482783937e-07,-2.3487339598827825e-07,-0.0005322319504400883,8.514736060846308e-05,1.113465372145636e-07,-2.2019372014329744e-07,161.0,311.07572960853577
-0.00020242412926231384,-0.000745576944094151,-0.0002989764887872662,-0.0011759755185762096,-0.13577032176003614,0.40100018000222876,-3.974900989748647e-07,-5.87085087432871e-07,8.92625350209863e-08,-0.0005324102482363314,8.518409113300933e-05,1.1242733839031669e-07,-2.5820752065029714e-07,162.0,313.03485465049744
-0.00020386324739534063,-0.0007508775642436252,-0.0003011125842528684,-0.001172933617364462,-0.13577764140190995,0.40101422467747516,7.208436547346623e-07,1.0647092424202512e-06,-1.3405879632534617e-07,-0.000532195194038686,8.519370661122776e-05,1.3211396648437886e-07,-2.634397691667707e-07,163.0,314.9790518283844
-0.00020316283978807955,-0.0007482977936237434,-0.0003000603496416684,-0.001171808346369824,-0.13576447049192295,0.40099055776789283,4.988621383690678e-07,7.367919230714409e-07,-5.701169499818884e-07,-0.000532975527305998,8.520327996358292e-05,7.530957675964158e-08,-3.1651315012182426e-07,164.0,316.9150390625
-0.00020376598226042584,-0.0007505193132267688,-0.00030096037422311725,-0.0011765406368163152,-0.13576739637845653,0.4010028375274899,-1.9772062733519238e-07,-2.9203142762109585e-07,-1.6523712879344073e-06,-0.0005328473852803962,8.514161955196852e-05,6.652956169469354e-08,-2.3095181470946363e-07,165.0,318.8922004699707
-0.00020449377208349185,-0.0007531999391728876,-0.0003020385168026665,-0.001174853167328804,-0.1357665220963411,0.4010070913366568,1.2691623090385136e-06,1.8745601693615082e-06,8.909708308969128e-07,-0.0005333918117489355,8.516307530011411e-05,-1.7983723229751624e-08,-2.7854091495540286e-07,166.0,320.7682340145111
-0.0002057095401640662,-0.0007576779070739865,-0.0003038377688983929,-0.0011756229929028646,-0.1357697300461076,0.401011783584609,9.179938317808793e-07,1.3558981355510861e-06,-5.186768852348385e-07,-0.000533983721598956,8.518489701400366e-05,1.2148734743699324e-07,-2.595954503773328e-07,167.0,322.7214789390564
-0.00020356324586922722,-0.0007497725860634683,-0.00030069185392038916,-0.0011745401266781536,-0.1357746372948661,0.4010440759098861,5.878042245004248e-07,8.682703573874773e-07,7.340362616147653e-07,-0.0005346213914471037,8.516359767657476e-05,1.2719949515351588e-07,-1.897502792268177e-07,168.0,324.5935208797455
-0.000204486282933419,-0.0007531723548217809,-0.00030208274410969277,-0.0011737060177472577,-0.13579886282423576,0.40108049927187384,5.0274922750478775e-08,7.426994886783393e-08,4.7241708978461214e-07,-0.0005345476450685534,8.518267037433074e-05,1.4376524084893069e-07,-2.542774568446074e-07,169.0,326.5424795150757
-0.00020283088843248782,-0.0007470751364955387,-0.00029964657859412713,-0.001175176832744783,-0.13579607222942025,0.4010929610102431,8.956160725932426e-07,1.3231134529826465e-06,1.0778052692385586e-06,-0.0005344148154220433,8.516063129003631e-05,9.347950650790348e-08,-2.4243384481629476e-07,170.0,328.49651050567627
